0 0.941054 0.899294 0.115842 0.178488
0 0.908354 0.778725 0.129242 0.098100
0 0.930812 0.737944 0.130025 0.068563
0 0.989242 0.626238 0.021517 0.046100
0 0.904925 0.671162 0.190150 0.072100
0 0.770846 0.764537 0.186758 0.190300
0 0.803942 0.715487 0.101650 0.028375
0 0.766508 0.692431 0.064617 0.015363
0 0.710950 0.639831 0.081167 0.078013
0 0.649487 0.769856 0.109542 0.217488
0 0.616392 0.641606 0.052800 0.039012
0 0.547437 0.664663 0.088258 0.113475
0 0.563592 0.793500 0.159967 0.139475
0 0.443421 0.571869 0.132392 0.303787
0 0.476908 0.445394 0.243500 0.431437
0 0.354771 0.497400 0.194642 0.410175
0 0.370925 0.769269 0.237983 0.204488
0 0.228292 0.743856 0.245867 0.141838
0 0.185346 0.788769 0.122142 0.094562
0 0.310638 0.849644 0.284475 0.187938
0 0.126754 0.893969 0.253508 0.174937
0 0.051104 0.719031 0.102208 0.177312
